FID	IID	bolt	flower	C	N	CN	di	asdi	diasdi	ped_order
ESP	10	36	38	35.265	1.501	23.49433711	5.476674501	2.828388885	1.936323017	1
ESP	100	42	47	36.104	1.752	20.60730594	NA	NA	NA	2
ESP	101	41	47	36.619	1.549	23.64041317	NA	NA	NA	3
ESP	102_long	40	44	36.582	1.64	22.30609756	2.494844974	1.789526107	1.394137232	4
ESP	103	36	40	35.798	2.405	14.88482328	3.927473216	2.742729887	1.431957713	5
ESP	105_clipinplace_sorted	36	42	37.277	2.1	17.75095238	4.941394907	2.479815773	1.99264597	6
ESP	106s_clipped	39	43	37.453	1.583	23.65950726	3.581723661	1.946974681	1.839635459	7
ESP	107	42	48	37.176	1.414	26.29137199	NA	NA	NA	8
ESP	108_3	36	40	36.857	1.532	24.05809399	5.308519364	2.064200152	2.571707671	9
ESP	109	42	48	37.788	1.937	19.50851833	2.445409279	2.158277287	1.133037582	10
ESP	110	37	42	37.716	2.104	17.92585551	3.891014654	2.198278476	1.770028091	11
ESP	111	35	39	34.661	1.952	17.75665984	4.390713227	2.29563553	1.912635159	12
ESP	112	36	40	36.949	1.442	25.62343967	8.156070425	1.943898863	4.195727762	13
ESP	113	35	39	36.624	1.769	20.70322216	4.808307061	1.855173941	2.591836246	14
ESP	114_long	35	38	35.89	1.303	27.54412893	5.301771462	2.635103309	2.011978598	15
ESP	115	36	42	36.713	1.933	18.99275737	6.824701284	2.710455783	2.51791648	16
ESP	116s_clipped	44	50	36.823	1.648	22.3440534	3.111632526	2.148677857	1.448161489	17
ESP	117s_clipped	35	39	34.742	1.783	19.48513741	5.012810107	2.017642092	2.484489259	18
ESP	118	48	55	36.019	2.287	15.74945343	NA	NA	NA	19
ESP	119_long	42	48	38.554	1.881	20.49654439	4.186063811	2.050815588	2.041170272	20
ESP	11s_clipped	46	51	36.463	1.622	22.48027127	5.795408947	2.37448435	2.440702103	21
ESP	120_clipped.bam	35	40	35.513	1.69	21.01360947	5.978502397	2.796760488	2.137652624	22
ESP	121	36	42	37.459	1.699	22.0476751	3.161023974	2.140209847	1.476969176	23
ESP	122	35	40	36.486	2.049	17.80673499	4.369409598	1.984980927	2.201235054	24
ESP	123	37	41	37.581	1.557	24.13680154	7.076566096	2.173462133	3.255895738	25
ESP	124_3	37	44	37.441	1.802	20.77746948	6.928108576	2.09231989	3.311209059	26
ESP	125_clipped.bam	35	40	35.847	1.883	19.03717472	5.494362478	2.539487466	2.16357141	27
ESP	126s_clipped	35	38	36.371	1.506	24.15073041	6.018271005	2.297984063	2.618935049	28
ESP	128	41	47	NA	NA	NA	5.224840317	2.064140059	2.531243117	29
ESP	129s_clipped	41	47	38.439	1.563	24.59309021	4.107003691	1.659476868	2.474878542	30
ESP	13	41	47	36.687	1.847	19.86302112	6.513934161	2.737084337	2.37988069	31
ESP	130	35	38	38.679	1.602	24.14419476	3.460127916	1.711501425	2.021691519	32
ESP	131s_clipped	42	47	35.205	1.679	20.967838	2.98578111	2.463479803	1.212017694	33
ESP	132	39	44	36.292	1.332	27.24624625	4.457146619	2.301823313	1.936354799	34
ESP	133	39	44	38.04	2.142	17.75910364	NA	NA	NA	35
ESP	135	35	40	36.429	2.606	13.97889486	2.899905485	2.634940794	1.100558119	36
ESP	136	33	36	35.311	1.691	20.88172679	NA	NA	NA	37
ESP	137s_clipped	41	46	35.419	2.886	12.27269577	NA	NA	NA	38
ESP	138	44	50	37.52	1.838	20.41349293	2.472851258	1.946414384	1.270464953	39
ESP	139	41	45	37.166	1.728	21.50810185	5.378290978	2.387419093	2.252763662	40
ESP	140	36	41	36.983	2.148	17.21741155	3.021076669	2.509002192	1.20409487	41
ESP	141	35	39	36.741	1.646	22.32138518	5.036073164	2.104983763	2.392452261	42
ESP	142	39	44	37.652	2.362	15.9407282	NA	NA	NA	43
ESP	143s_clipped	NA	40	36.502	2.028	17.99901381	4.764714419	2.963012831	1.608064052	44
ESP	144s_clipped	35	38	36.086	2.609	13.83135301	7.532241163	3.313652718	2.27309311	45
ESP	145_clipped.bam	33	36	35.405	2.879	12.2976728	NA	NA	NA	46
ESP	146	38	42	37.01	1.825	20.27945205	2.93625799	2.227190418	1.318368634	47
ESP	147	37	40	34.817	2.396	14.53130217	7.138834456	2.300995429	3.102498322	48
ESP	148	NA	43	36.78	1.579	23.29322356	NA	NA	NA	49
ESP	149	41	47	37.193	1.983	18.75592537	4.606896712	2.195155962	2.098664875	50
ESP	14_clipped.bam	35	39	36.269	1.723	21.04991294	4.936330361	2.185167824	2.259016587	51
ESP	15	41	48	37.854	1.977	19.14719272	6.829094633	2.604507705	2.622028961	52
ESP	150_clipped	41	47	36.352	1.873	19.40843566	3.117290898	1.966905871	1.584870402	53
ESP	151	45	50	37.214	3.121	11.92374239	4.033789335	2.504338613	1.610720417	54
ESP	152	35	37	35.666	2.289	15.58147663	2.991893669	2.603656876	1.149112118	55
ESP	153	37	43	37.656	1.897	19.85028993	NA	NA	NA	56
ESP	154	35	37	37.883	1.635	23.17003058	3.748192589	2.650648728	1.41406613	57
ESP	155_clipped.bam	44	48	37.268	2.207	16.88627096	3.752720967	2.64752341	1.417445811	58
ESP	156	42	47	38.196	1.967	19.41840366	4.257120221	1.976267168	2.154121816	59
ESP	157	46	51	37.268	1.77	21.05536723	4.400975938	2.660214423	1.654368874	60
ESP	158	36	40	34.372	2.67	12.87340824	3.29365539	2.766535405	1.190534335	61
ESP	160	35	42	36.389	1.719	21.16870273	3.779730127	2.412280473	1.566870092	62
ESP	161_clipped.bam	38	42	36.211	1.345	26.92267658	3.339375776	2.424483356	1.37735562	63
ESP	162	34	37	34.139	1.633	20.90569504	NA	NA	NA	64
ESP	163_clipped	41	46	35.316	2.366	14.92645816	5.506886148	2.696516495	2.042222311	65
ESP	164	36	41	37.858	1.878	20.15867945	4.269009967	2.027208549	2.105856336	66
ESP	165_clipped.bam	45	NA	37.627	2.362	15.93014395	NA	NA	NA	67
ESP	166	41	47	37.677	1.513	24.9021811	3.759684482	2.178517082	1.725799863	68
ESP	167	36	41	36.004	1.369	26.29948868	4.229286255	2.668919845	1.584643414	69
ESP	168	36	42	36.359	2.935	12.38807496	2.619042043	2.092181811	1.25182335	70
ESP	16_clipped	47	53	36.286	1.886	19.23966066	6.481883825	2.514490103	2.577812423	71
ESP	17	35	39	37.075	2.583	14.35346496	NA	NA	NA	72
ESP	170_clipped	53	60	35.351	2.186	16.1715462	NA	NA	NA	73
ESP	172	35	38	32.872	2.725	12.06311927	3.116869777	2.344960344	1.329178033	74
ESP	173_clipped	36	NA	38.164	2.034	18.76302852	NA	NA	NA	75
ESP	174_clipped.bam	40	44	37.098	1.829	20.28321487	NA	NA	NA	76
ESP	175_clipped	41	47	37.03	1.214	30.50247117	4.311271348	2.288456023	1.883921432	77
ESP	176	41	47	37.895	1.948	19.45328542	NA	NA	NA	78
ESP	177	36	41	36.586	2.139	17.10425432	4.730489755	2.445688742	1.934215779	79
ESP	178	35	39	36.86	2.704	13.6316568	4.366218728	2.320393362	1.881671789	80
ESP	179	39	43	37.385	1.826	20.47371303	2.854276172	1.916173559	1.489570795	81
ESP	18	69	NA	36.838	5.606	6.571173742	4.379554332	1.928581478	2.27086819	82
ESP	180_clipped	36	41	35.396	1.824	19.40570175	3.962218213	2.451630855	1.616156121	83
ESP	181	36	40	35.112	3.901	9.000769034	7.569106328	3.06097479	2.472776435	84
ESP	182_3	37	42	NA	NA	NA	3.267676171	2.447870788	1.334905497	85
ESP	183	35	40	37.168	1.755	21.17834758	7.933823915	2.299266707	3.450588786	86
ESP	184_3	45	48	37.676	1.418	26.56981664	5.435270768	2.421921075	2.244198139	87
ESP	186	35	38	35.464	2.9	12.22896552	4.450784167	2.578291881	1.726253028	88
ESP	187	33	37	36.207	1.621	22.33621221	4.219037392	2.461431863	1.714058169	89
ESP	189	39	43	37.332	1.327	28.13262999	NA	NA	NA	90
ESP	190	40	45	35.41	1.856	19.07866379	5.017506315	2.078312033	2.414221847	91
ESP	191	36	38	34.441	1.775	19.40338028	NA	NA	NA	92
ESP	192	36	40	37.031	1.38	26.83405797	8.996773925	2.117281583	4.249209929	93
ESP	193	40	47	37.773	2.339	16.14920906	NA	NA	NA	94
ESP	194	38	44	37.122	3.074	12.07612232	8.530643309	1.958270227	4.356213557	95
ESP	195	36	NA	36.174	2.056	17.59435798	4.217877211	2.322651628	1.815974966	96
ESP	196	NA	40	36.109	2.548	14.17150706	3.202721603	2.708897196	1.182297212	97
ESP	197	35	39	32.576	2.107	15.4608448	4.40792659	3.008798164	1.46501239	98
ESP	198	33	36	33.911	2.763	12.27325371	2.750257888	2.09072391	1.315457232	99
ESP	199	33	36	34.675	1.799	19.274597	NA	NA	NA	100
ESP	1_clipped	36	41	35.544	2.209	16.09053871	6.234416583	2.174071879	2.867622107	101
ESP	20	38	43	35.369	2.384	14.83598993	4.378829432	2.889669465	1.515339206	102
ESP	200	36	40	36.507	3.498	10.43653516	3.672804937	2.64103881	1.39066678	103
ESP	202_long	41	46	37.163	1.557	23.86833654	NA	NA	NA	104
ESP	203_long	69	NA	35.792	2.765	12.94466546	3.797608848	2.340572826	1.622512577	105
ESP	204_long	41	45	37.148	1.448	25.65469613	5.580172014	3.596951288	1.551361575	106
ESP	207	41	46	37.209	1.862	19.98335124	5.661896282	2.985436103	1.896505598	107
ESP	208	NA	62	37.797	3.08	12.27175325	3.262692264	2.003912307	1.628161199	108
ESP	209	40	NA	35.332	1.612	21.91811414	4.379612065	2.922073675	1.498802752	109
ESP	23s_clipped	34	38	34.095	1.832	18.61080786	4.478962444	2.37441253	1.886345523	110
ESP	24	36	40	36.524	1.634	22.35250918	9.220855042	1.863679846	4.947660437	111
ESP	25	NA	42	37.564	2.407	15.60614873	7.12304783	2.737627309	2.601905602	112
ESP	26	40	46	38.373	1.319	29.09249431	6.058542432	1.947091279	3.111586241	113
ESP	27	40	45	36.866	1.574	23.42185515	7.594734489	2.391793231	3.175330706	114
ESP	28	41	47	37.42	1.435	26.07665505	2.785487785	1.998479372	1.393803621	115
ESP	29_clipped	NA	NA	38.45	1.571	24.47485678	5.091621644	2.564368866	1.985526229	116
ESP	2_clipped	34	37	34.953	2.109	16.57325747	NA	NA	NA	117
ESP	3	36	41	36.666	3.2	11.458125	5.368832661	3.029564596	1.77214662	118
ESP	30	36	42	37.245	1.743	21.36833046	2.509540103	2.197684619	1.141901837	119
ESP	31	39	43	36.411	2.398	15.18390325	6.6549281	2.163057097	3.076630806	120
ESP	32_clipped	44	48	NA	NA	NA	4.049908323	2.892884664	1.399954991	121
ESP	33	36	42	37.395	1.659	22.54068716	2.318912087	1.838122202	1.26156579	122
ESP	34	43	NA	35.655	4.265	8.359906213	4.073979401	2.549588632	1.597896755	123
ESP	35	36	40	35.756	1.77	20.20112994	4.692583134	2.610261174	1.797744678	124
ESP	36	40	45	36.817	2.022	18.20820969	5.107706488	2.304656259	2.21625523	125
ESP	37_clipped	38	NA	36.168	1.652	21.89346247	3.484094387	1.932661411	1.802744323	126
ESP	38	36	41	36.573	3.155	11.59207607	4.68308076	2.536044164	1.84660852	127
ESP	39s_clipped	36	40	36.663	1.208	30.35016556	4.338135835	2.06020165	2.10568506	128
ESP	41	39	46	37.804	2.275	16.61714286	2.818512042	2.225189061	1.266639357	129
ESP	42	40	45	36.227	2.795	12.96135957	4.382044656	2.9863577	1.467354248	130
ESP	43s_clipped	36	43	36.968	1.609	22.97576134	5.091281372	2.742780217	1.856248394	131
ESP	44s_clipped	36	40	38.54	1.862	20.69817401	NA	NA	NA	132
ESP	45	38	44	37.004	1.909	19.38397067	4.169413434	2.490280288	1.674274761	133
ESP	46s_clipped	55	64	36.979	3.362	10.99910767	NA	NA	NA	134
ESP	47	39	43	35.466	2.312	15.3399654	2.455730723	2.187066125	1.122842467	135
ESP	470x19	NA	NA	NA	NA	NA	NA	NA	NA	136
ESP	48_clipped	43	50	36.715	1.518	24.18642951	4.948836588	2.770017689	1.786572197	137
ESP	49_clipped.bam	48	54	38.323	1.966	19.49287894	6.011819618	2.514954371	2.390428903	138
ESP	4s_clipped	51	NA	37.316	2.649	14.08682522	4.580039655	1.961427907	2.335053783	139
ESP	50_long	35	39	33.736	1.975	17.08151899	NA	NA	NA	140
ESP	51_clipped.bam	39	43	35.622	1.731	20.57885615	2.412188675	2.20105079	1.095925949	141
ESP	52	36	42	37.599	1.718	21.88533178	4.852	2.554420051	1.899511219	142
ESP	53s_clipped	36	41	36.741	2.267	16.20688134	NA	NA	NA	143
ESP	54_clipped	46	53	36.106	2.043	17.67302986	4.274189706	1.818954095	2.349806253	144
ESP	55_clipped	45	50	37.737	2.596	14.53659476	2.720036948	2.344160299	1.160345966	145
ESP	58	34	36	34.467	1.403	24.56664291	3.15247548	2.377052045	1.326212224	146
ESP	59_long	41	47	38.215	1.664	22.96574519	4.143679973	2.212472248	1.872873197	147
ESP	5_clipped	41	45	36.989	1.48	24.99256757	NA	NA	NA	148
ESP	60_clipped	40	NA	34.768	1.942	17.90319258	3.137645814	2.512103173	1.249011524	149
ESP	61	43	48	37.642	3.48	10.81666667	NA	NA	NA	150
ESP	63	35	39	35.958	1.757	20.46556631	NA	NA	NA	151
ESP	64_replacement	35	38	36.596	1.681	21.77037478	4.834913708	2.327976531	2.076873905	152
ESP	65_clipped	36	42	36.261	1.218	29.77093596	5.436428804	2.581951461	2.10555035	153
ESP	66_clipped	58	65	38.282	1.744	21.95068807	3.696995228	2.281150242	1.620671519	154
ESP	67	35	39	34.595	2.323	14.89238054	3.134049854	2.12136036	1.477377401	155
ESP	68_clipped	35	38	34.462	2.146	16.05871389	2.787416906	1.960437671	1.421833985	156
ESP	6s_clipped	48	54	38.253	1.522	25.13337714	NA	NA	NA	157
ESP	70s_clipped	46	50	37.833	2.278	16.60798946	NA	NA	NA	158
ESP	71	35	37	34.524	2.005	17.21895262	6.600274712	2.561109107	2.577115787	159
ESP	72	39	38	36.36	2.103	17.28958631	4.786669825	2.653167244	1.804134224	160
ESP	74	41	47	36.495	2.296	15.89503484	8.632243041	2.575049266	3.352263257	161
ESP	75	35	37	35.405	1.994	17.7557673	NA	NA	NA	162
ESP	76	35	39	34.946	1.896	18.4314346	6.014247908	2.355714556	2.55304612	163
ESP	78s_clipped	38	44	35.529	1.853	19.17377226	NA	NA	NA	164
ESP	79	36	41	37.727	1.815	20.7862259	3.564553996	2.100898966	1.696680352	165
ESP	7s_clipped	43	NA	36.504	1.573	23.20661157	4.004790497	2.16612586	1.848826318	166
ESP	8	35	48	34.581	2.532	13.65758294	5.257078817	2.399731025	2.190695025	167
ESP	80s_clipped	41	46	38.375	1.829	20.98141061	4.641202501	2.678177608	1.732970393	168
ESP	81s_clipped	55	NA	37.412	2.665	14.03827392	5.463574077	2.843718012	1.92127843	169
ESP	82s_clipped	38	46	36.917	1.506	24.51328021	3.940636903	2.720170222	1.448672907	170
ESP	83	34	37	34.158	2.95	11.57898305	NA	NA	NA	171
ESP	85_long	34	37	36.34	1.811	20.06626173	5.313612319	1.831198779	2.901712462	172
ESP	86	35	38	35.737	1.708	20.92330211	3.800053124	2.440186537	1.557279768	173
ESP	87	35	39	36.764	1.652	22.25423729	5.79806953	1.939910657	2.988833279	174
ESP	88_clipped	34	39	35.261	1.664	21.19050481	3.011261489	2.658312081	1.132771999	175
ESP	89	42	48	37.583	2.606	14.42171911	8.568208189	3.367980857	2.544019267	176
ESP	9	35	42	36.074	3.28	10.99817073	NA	NA	NA	177
ESP	90	40	44	38.799	1.53	25.35882353	NA	NA	NA	178
ESP	91	35	36	33.473	2.002	16.71978022	NA	NA	NA	179
ESP	91x35	NA	NA	NA	NA	NA	NA	NA	NA	180
ESP	92	39	44	36.954	2.366	15.61876585	2.6271407	1.539644755	1.706329133	181
ESP	93	41	46	36.845	2.619	14.0683467	NA	NA	NA	182
ESP	94	NA	NA	37.661	1.584	23.77588384	3.680347257	2.498072087	1.473275041	183
ESP	95	34	38	36.309	1.979	18.34714502	5.327083807	2.491350296	2.13823155	184
ESP	96	35	39	35.107	2.316	15.15846287	4.536469168	2.078048125	2.183043363	185
ESP	97_3	35	38	34.771	2.899	11.99413591	4.549971987	2.147781454	2.118452033	186
ESP	98_clipped	41	45	36.92	1.781	20.72992701	4.745820201	2.928929726	1.620325731	187
ESP	99_clipped	47	53	36.468	2.105	17.32446556	NA	NA	NA	188
